7.819202112273054827e-10
8.944159449460369379e-10
9.861374566933636222e-10
1.004096899855972471e-09
9.378795304626487824e-10
8.255380286160864456e-10
7.327720008754215380e-10
7.146583258406437782e-10
9.218774818353171727e-06
1.054509024323598965e-05
1.162647930398215628e-05
1.183821965805131617e-05
1.105752233275439351e-05
9.733025288927500300e-06
8.639321470743821748e-06
8.425762735618737132e-06
4.775443583636510524e-03
5.462491983281250567e-03
6.022665385203817591e-03
6.132349604111459254e-03
5.727938377423380870e-03
5.041831922485742398e-03
4.475279318277864543e-03
4.364653154663121308e-03
1.086885949886222807e-01
1.243257444887119756e-01
1.370752323506535808e-01
1.395716336664069024e-01
1.303672765723417615e-01
1.147515656349696322e-01
1.018568877982339582e-01
9.933904791976308490e-02
1.086885949886222807e-01
1.243257444887119756e-01
1.370752323506535808e-01
1.395716336664069024e-01
1.303672765723417615e-01
1.147515656349696322e-01
1.018568877982339582e-01
9.933904791976308490e-02
4.775443583636510524e-03
5.462491983281250567e-03
6.022665385203817591e-03
6.132349604111459254e-03
5.727938377423380870e-03
5.041831922485742398e-03
4.475279318277864543e-03
4.364653154663121308e-03
9.218774818353171727e-06
1.054509024323598965e-05
1.162647930398215628e-05
1.183821965805131617e-05
1.105752233275439351e-05
9.733025288927500300e-06
8.639321470743821748e-06
8.425762735618737132e-06
7.819202112273054827e-10
8.944159449460369379e-10
9.861374566933636222e-10
1.004096899855972471e-09
9.378795304626487824e-10
8.255380286160864456e-10
7.327720008754215380e-10
7.146583258406437782e-10
